
Polynomials in 12 variables will be generated, in a field F_5

Number of oil variables: 4. Number of vinegar variables: 8

Time to generate PiUOV: 0.006854
Secret polynomials:
1.	2+2*a1*a0+a4*a5+3*a0*a2+a6*a5+3*a4*a9+3*a2^2+a8*a5+2*a6^2+a0*a10+2*a1*a8+4*a4+3*a4*a1+4*a9*a3+a7*a11+4*a4*a6+3*a11*a0+3*a10*a2+2*a4*a10+2*a1+4*a1^2+a7*a0+3*a7*a4+2*a6*a2+3*a1*a11+4*a6+4*a5^2+2*a4*a2+a1*a3+2*a11+4*a6*a11+a1*a2+4*a9*a1+4*a3*a5+3*a4*a11+a6*a3+4*a0^2+a7*a1+a4^2+a1*a10+4*a7*a5+4*a0+3*a1*a6+a11*a5+2*a7*a9+4*a11*a2+4*a5*a10+a5+a9*a2+2*a6*a8+3*a8*a0+2*a4*a8+4*a3*a10+3*a7*a2+2*a10+4*a6*a0+3*a3^2+2*a5*a2+3*a7*a6+2*a2+4*a1*a5+3*a4*a0+4*a9*a6+a7*a10
2.	3+a1*a0+2*a4*a5+3*a0*a2+4*a6*a5+a4*a9+2*a2^2+4*a8*a5+a6^2+3*a1*a8+4*a4+2*a4*a1+3*a9*a3+a11*a3+3*a7*a11+4*a4*a6+2*a11*a0+4*a6*a10+a10*a2+2*a9*a0+2*a3*a8+3*a8*a2+a7*a0+2*a7*a4+a6*a2+2*a1*a11+4*a5^2+4*a4*a2+4*a7*a8+3*a1*a3+4*a0*a5+4*a3*a0+3*a11+a6*a11+4*a1*a2+a9*a1+4*a3*a5+2*a3+a4*a3+a4*a11+a6*a3+3*a7*a1+2*a1*a10+2*a8+3*a7*a5+a0+4*a1*a6+a11*a5+3*a9*a5+2*a7*a9+a11*a2+2*a5+3*a9*a2+a6*a8+4*a4*a8+2*a3*a10+4*a7*a2+3*a6*a0+a3^2+2*a5*a2+3*a7*a6+4*a1*a5+2*a3*a2+2*a7*a10
3.	1+2*a1*a0+2*a4*a5+2*a0*a2+a6*a5+a4*a9+a2^2+3*a8*a5+a7*a3+3*a6^2+3*a0*a10+2*a1*a8+3*a4*a1+4*a11*a3+3*a7*a11+a9+3*a6*a10+a10*a2+4*a9*a0+4*a4*a10+3*a1+a3*a8+a8*a2+3*a1^2+2*a7*a4+3*a6*a2+4*a1*a11+a6+3*a5^2+a7*a8+2*a1*a3+a0*a5+a3*a0+2*a11+4*a6*a11+a1*a2+2*a9*a1+4*a3*a5+a3+a4*a3+a4*a11+2*a6*a3+2*a0^2+4*a7*a1+2*a4^2+2*a1*a10+2*a8+3*a7*a5+3*a0+2*a1*a6+3*a11*a5+2*a9*a5+2*a7*a9+4*a11*a2+a5*a10+3*a5+4*a6*a8+2*a8*a0+4*a4*a8+4*a3*a10+2*a7*a2+4*a10+a6*a0+3*a3^2+a5*a2+a7*a6+a2+4*a1*a5+3*a4*a0+2*a3*a2+3*a9*a6+a7*a10
4.	a1*a0+4*a4*a5+4*a7+3*a0*a2+3*a6*a5+3*a2^2+a8*a5+a7*a3+a6^2+2*a0*a10+a1*a8+4*a4+3*a4*a1+3*a9*a3+a11*a3+4*a7*a11+3*a4*a6+2*a9+2*a6*a10+3*a10*a2+a9*a0+a1+2*a3*a8+a8*a2+2*a1^2+4*a7*a4+3*a6*a2+a1*a11+2*a6+a5^2+4*a4*a2+2*a7*a8+a0*a5+3*a3*a0+3*a11+4*a6*a11+4*a1*a2+2*a9*a1+a3*a5+2*a3+2*a4*a3+2*a0^2+4*a7*a1+4*a4^2+2*a1*a10+4*a0+3*a1*a6+4*a11*a5+3*a7*a9+3*a5*a10+2*a6*a8+a8*a0+4*a4*a8+2*a3*a10+2*a7*a2+4*a10+2*a6*a0+2*a3^2+3*a7*a6+4*a1*a5+2*a7^2+4*a3*a2+a9*a6

Ms matrix:
1.	0 1 4 3 3 0 1 2 2 3 1 3 
2.	2 1 0 0 1 2 2 0 4 4 4 0 
3.	1 0 2 1 0 2 3 2 3 4 1 3 
4.	0 4 2 2 2 3 0 1 1 3 2 0 
5.	0 4 2 4 0 3 1 4 3 3 0 0 
6.	2 3 0 2 2 1 0 4 0 2 3 4 
7.	3 1 0 1 4 4 1 4 3 0 0 1 
8.	3 2 0 4 2 0 1 0 0 1 4 4 
9.	4 0 4 1 4 4 0 4 0 3 1 4 
10.	2 4 0 3 0 1 4 0 3 4 4 2 
11.	1 3 2 1 4 2 0 4 4 1 0 0 
12.	1 3 0 1 1 3 3 0 2 3 0 4 

Ms inverse matrix:
1.	1 2 1 4 2 2 4 0 1 0 4 2 
2.	4 1 1 2 1 2 1 4 0 0 3 0 
3.	0 0 3 4 4 3 4 4 3 4 1 1 
4.	4 0 0 3 4 4 4 0 1 3 3 2 
5.	4 4 4 2 2 1 1 2 0 4 4 0 
6.	2 1 4 4 3 0 2 2 4 0 2 4 
7.	3 0 1 0 0 3 4 1 2 4 4 3 
8.	2 4 0 0 1 1 0 2 4 3 2 0 
9.	1 4 4 1 0 1 3 1 1 1 1 2 
10.	1 0 0 4 0 0 1 1 4 2 1 3 
11.	3 1 3 0 3 2 3 0 4 4 0 3 
12.	1 0 1 1 0 4 4 3 4 2 3 2 

vs vector:
1.	4 
2.	1 
3.	0 
4.	4 
5.	2 
6.	1 
7.	2 
8.	3 
9.	4 
10.	1 
11.	1 
12.	4 

Time to generate A.T.: 0.000449
A.T.:
1.	4+x1+x6+3*x11+3*x3+2*x8+x10+4*x2+2*x7+3*x4+3*x9 
2.	1+x1+2*x6+4*x8+2*x0+2*x5+4*x10+x4+4*x9 
3.	3*x6+3*x11+x3+3*x8+x0+2*x5+x10+2*x2+2*x7+4*x9 
4.	4+4*x1+2*x3+x8+3*x5+2*x10+2*x2+x7+2*x4+3*x9 
5.	2+4*x1+x6+4*x3+3*x8+3*x5+2*x2+4*x7+3*x9 
6.	1+3*x1+4*x11+2*x3+2*x0+x5+3*x10+4*x7+2*x4+2*x9 
7.	2+x1+x6+x11+x3+3*x8+3*x0+4*x5+4*x7+4*x4 
8.	3+2*x1+x6+4*x11+4*x3+3*x0+4*x10+2*x4+x9 
9.	4+4*x11+x3+4*x0+4*x5+x10+4*x2+4*x7+4*x4+3*x9 
10.	1+4*x1+4*x6+2*x11+3*x3+3*x8+2*x0+x5+4*x10+4*x9 
11.	1+3*x1+x3+4*x8+x0+2*x5+2*x2+4*x7+4*x4+x9 
12.	4+3*x1+3*x6+4*x11+x3+2*x8+x0+3*x5+x4+3*x9 

Time to generate Pi: 0.047494
Public polynomials:
1.	1+x1+x6*x2+3*x8*x7+2*x11*x9+4*x5^2+3*x1*x10+4*x9^2+4*x3*x0+3*x11*x5+x1*x6+4*x6+4*x10*x7+4*x10*x2+4*x7*x9+x0^2+4*x3*x9+3*x6*x7+3*x8*x2+3*x0*x5+x1*x11+3*x11*x8+3*x1*x3+2*x8+x1*x7+x8*x10+3*x0+2*x3*x4+4*x1*x2+2*x3*x8+x5*x4+3*x7*x4+x5+3*x10*x9+3*x1*x8+3*x7^2+4*x8*x5+3*x6*x0+4*x1*x4+4*x8*x9+2*x10+3*x11*x7+4*x0*x10+3*x11^2+3*x11*x3+3*x2+3*x3*x7+2*x6*x9+4*x8*x0+4*x6*x5+x7+x2^2+3*x5*x7+3*x8*x4+4*x0*x7+2*x11*x10+4*x6^2+4*x10*x4+x1*x5+x4+x10^2+4*x1*x0+2*x5*x10+3*x6*x8+4*x0*x2+2*x6*x4+x1^2
2.	1+3*x1+x6*x2+x8*x7+4*x0*x4+x11*x9+x5^2+x1*x10+4*x9^2+3*x3*x0+3*x11*x5+3*x1*x6+x10*x7+3*x2*x4+3*x5*x9+2*x10*x2+2*x7*x9+4*x3*x5+x11+2*x3*x9+x6*x7+4*x6*x3+2*x3+x4^2+x0*x5+4*x1*x11+2*x2*x9+3*x1*x3+2*x8+3*x8^2+4*x11*x4+x1*x7+x8*x10+3*x6*x10+3*x0+4*x3*x4+3*x1*x2+3*x3*x8+x5*x4+4*x7*x4+4*x5+4*x10*x9+3*x3^2+x1*x8+2*x8*x5+x6*x0+4*x1*x4+4*x8*x9+3*x10+4*x11*x7+3*x0*x10+2*x11^2+2*x11*x3+3*x3*x2+4*x11*x2+x2+2*x3*x7+x8*x0+x4*x9+x5*x7+4*x8*x4+x1*x9+3*x6^2+3*x10*x4+4*x2*x7+x1*x5+2*x1*x0+3*x6*x8+3*x9+x3*x10+2*x6*x4+2*x1^2
3.	4*x1+x6*x2+3*x11*x9+3*x3*x0+3*x1*x6+4*x10*x7+4*x2*x4+x6*x11+2*x10*x2+3*x7*x9+x3*x5+x11*x0+4*x11+4*x0^2+4*x3*x9+x6*x7+3*x6*x3+3*x8*x2+2*x3+x4^2+2*x0*x5+3*x2*x9+2*x11*x8+4*x1*x3+x8+4*x11*x4+2*x1*x7+3*x0*x9+4*x6*x10+3*x0+4*x1*x2+x5*x4+x7*x4+3*x10*x9+4*x3^2+x5*x2+2*x6*x0+4*x8*x9+4*x11*x7+4*x0*x10+x11*x3+x3*x2+3*x11*x2+2*x2+4*x3*x7+2*x6*x9+4*x6*x5+x7+x2^2+4*x4*x9+2*x5*x7+x1*x9+4*x0*x7+4*x11*x10+4*x6^2+2*x10*x4+3*x2*x7+4*x1*x5+4*x4+4*x1*x0+2*x5*x10+x6*x8+4*x9+x3*x10+2*x6*x4+3*x1^2
4.	2*x1+2*x6*x2+2*x8*x7+x0*x4+4*x11*x9+2*x11*x5+2*x1*x6+x6+x10*x7+3*x2*x4+x5*x9+x10*x2+x7*x9+2*x3*x5+2*x11*x0+x11+x0^2+x3*x9+3*x6*x7+4*x8*x2+3*x4^2+4*x0*x5+3*x1*x11+4*x2*x9+3*x11*x8+x1*x3+4*x8+4*x8^2+3*x11*x4+2*x1*x7+2*x0*x9+3*x6*x10+x0+3*x3*x4+2*x1*x2+x3*x8+x5*x4+3*x7*x4+x3^2+2*x1*x8+2*x5*x2+2*x8*x5+4*x6*x0+2*x1*x4+2*x8*x9+4*x10+4*x11*x7+2*x11^2+3*x3*x2+4*x11*x2+2*x2+3*x3*x7+x6*x9+4*x8*x0+4*x6*x5+4*x2^2+3*x4*x9+2*x5*x7+3*x8*x4+3*x1*x9+x0*x7+3*x11*x10+4*x6^2+4*x10^2+x5*x10+4*x6*x8+4*x0*x2+x9+3*x6*x4+4*x1^2

Desired image for Pi:
1.	0
2.	2
3.	0
4.	1

Time to solve system of eqs.: 0.002649
Result found in 1 tries.
Pre-image in 'a' variables:
1.	0 
2.	0 
3.	2 
4.	1 
5.	3 
6.	4 
7.	0 
8.	1 
9.	1 
10.	0 
11.	2 
12.	2 

Time to compute PiUOV(a): 0.000521
PiUOV evaluated in 'a'  :
1.	0
2.	2
3.	0
4.	1

Time to generate inverse A.T.: 0.000133
Pre-image in 'x' variables:
1.	1 
2.	4 
3.	2 
4.	1 
5.	1 
6.	4 
7.	2 
8.	0 
9.	0 
10.	1 
11.	4 
12.	3 

Time to compute Pi(x): 0.000502
Pi evaluated in 'x'  :
1.	0
2.	2
3.	0
4.	1

